-0.42421292 -0.42421292 -0.42421292 -0.42421292 -0.42421292 -0.42421292 -0.42421292 -0.42421292 -0.42421292 -0.42421292 -0.42421292 -0.42421292 -0.42421292 -0.42421292 -0.42421292 -0.42421292 -0.42421292 -0.42421292 -0.42421292 -0.42421292 -0.42421292 -0.42421292 -0.42421292 -0.42421292 -0.42421292 -0.42421292 -0.42421292 -0.42421292
-0.42421292 -0.42421292 -0.42421292 -0.42421292 -0.42421292 -0.42421292 -0.42421292 -0.42421292 -0.42421292 -0.42421292 -0.42421292 -0.42421292 -0.42421292 -0.42421292 -0.42421292 -0.42421292 -0.42421292 -0.42421292 -0.42421292 -0.42421292 -0.42421292 -0.42421292 -0.42421292 -0.42421292 -0.42421292 -0.42421292 -0.42421292 -0.42421292
-0.42421292 -0.42421292 -0.42421292 -0.42421292 -0.42421292 -0.42421292 -0.42421292 -0.42421292 -0.42421292 -0.42421292 -0.42421292 -0.42421292 -0.42421292 -0.42421292 -0.42421292 -0.42421292 -0.42421292 -0.42421292 -0.42421292 -0.42421292 -0.42421292 -0.42421292 -0.42421292 -0.42421292 -0.42421292 -0.42421292 -0.42421292 -0.42421292
-0.42421292 -0.42421292 -0.42421292 -0.42421292 -0.42421292 -0.42421292 -0.42421292 -0.42421292 -0.42421292 -0.42421292 -0.42421292 -0.42421292 -0.42421292 -0.42421292 0.56858927 2.82148653 2.82148653 2.82148653 2.82148653 2.12143371 -0.42421292 -0.42421292 -0.42421292 -0.42421292 -0.42421292 -0.42421292 -0.42421292 -0.42421292
-0.42421292 -0.42421292 -0.42421292 -0.42421292 -0.42421292 -0.42421292 -0.42421292 -0.42421292 -0.42421292 -0.42421292 -0.42421292 -0.42421292 -0.42421292 2.82148653 2.82148653 2.82148653 2.82148653 2.82148653 2.82148653 2.82148653 -0.42421292 -0.42421292 -0.42421292 -0.42421292 -0.42421292 -0.42421292 -0.42421292 -0.42421292
-0.42421292 -0.42421292 -0.42421292 -0.42421292 -0.42421292 -0.42421292 -0.42421292 -0.42421292 -0.42421292 -0.42421292 -0.42421292 0.49221987 2.82148653 2.82148653 1.43410912 -0.42421292 -0.42421292 -0.42421292 -0.42421292 -0.42421292 -0.42421292 -0.42421292 -0.42421292 -0.42421292 -0.42421292 -0.42421292 -0.42421292 -0.42421292
-0.42421292 -0.42421292 -0.42421292 -0.42421292 -0.42421292 -0.42421292 -0.42421292 -0.42421292 -0.42421292 -0.42421292 -0.02963769 2.82148653 2.82148653 -0.42421292 -0.42421292 -0.42421292 -0.42421292 -0.42421292 -0.42421292 -0.42421292 -0.42421292 -0.42421292 -0.42421292 -0.42421292 -0.42421292 -0.42421292 -0.42421292 -0.42421292
-0.42421292 -0.42421292 -0.42421292 -0.42421292 -0.42421292 -0.42421292 -0.42421292 -0.42421292 -0.42421292 -0.42421292 2.82148653 2.82148653 -0.42421292 -0.42421292 -0.42421292 -0.42421292 -0.42421292 -0.42421292 -0.42421292 -0.42421292 -0.42421292 -0.42421292 -0.42421292 -0.42421292 -0.42421292 -0.42421292 -0.42421292 -0.42421292
-0.42421292 -0.42421292 -0.42421292 -0.42421292 -0.42421292 -0.42421292 -0.42421292 -0.42421292 -0.42421292 1.58684792 2.82148653 0.13582934 -0.42421292 -0.42421292 -0.42421292 -0.42421292 -0.42421292 -0.42421292 -0.42421292 -0.42421292 -0.42421292 -0.42421292 -0.42421292 -0.42421292 -0.42421292 -0.42421292 -0.42421292 -0.42421292
-0.42421292 -0.42421292 -0.42421292 -0.42421292 -0.42421292 -0.42421292 -0.42421292 -0.42421292 -0.42421292 2.82148653 2.82148653 -0.42421292 -0.42421292 -0.42421292 -0.42421292 -0.42421292 -0.42421292 -0.42421292 -0.42421292 -0.42421292 -0.42421292 -0.42421292 -0.42421292 -0.42421292 -0.42421292 -0.42421292 -0.42421292 -0.42421292
-0.42421292 -0.42421292 -0.42421292 -0.42421292 -0.42421292 -0.42421292 -0.42421292 -0.42421292 0.88679509 2.82148653 0.40312224 -0.42421292 -0.42421292 -0.42421292 -0.42421292 -0.42421292 -0.42421292 -0.42421292 -0.42421292 -0.42421292 -0.42421292 -0.42421292 -0.42421292 -0.42421292 -0.42421292 -0.42421292 -0.42421292 -0.42421292
-0.42421292 -0.42421292 -0.42421292 -0.42421292 -0.42421292 -0.42421292 -0.42421292 -0.42421292 2.82148653 2.82148653 -0.42421292 -0.42421292 -0.42421292 -0.42421292 -0.42421292 -0.42421292 -0.42421292 -0.42421292 -0.42421292 -0.42421292 -0.42421292 -0.42421292 -0.42421292 -0.42421292 -0.42421292 -0.42421292 -0.42421292 -0.42421292
-0.42421292 -0.42421292 -0.42421292 -0.42421292 -0.42421292 -0.42421292 -0.42421292 -0.42421292 2.82148653 2.82148653 -0.42421292 1.01407743 2.82148653 2.82148653 2.70693243 -0.42421292 -0.42421292 -0.42421292 -0.42421292 -0.42421292 -0.42421292 -0.42421292 -0.42421292 -0.42421292 -0.42421292 -0.42421292 -0.42421292 -0.42421292
-0.42421292 -0.42421292 -0.42421292 -0.42421292 -0.42421292 -0.42421292 -0.42421292 -0.42421292 2.82148653 2.82148653 1.91778198 2.82148653 2.82148653 2.82148653 2.82148653 2.82148653 -0.09327886 -0.42421292 -0.42421292 -0.42421292 -0.42421292 -0.42421292 -0.42421292 -0.42421292 -0.42421292 -0.42421292 -0.42421292 -0.42421292
-0.42421292 -0.42421292 -0.42421292 -0.42421292 -0.42421292 -0.42421292 -0.42421292 -0.42421292 2.82148653 2.82148653 2.82148653 2.64329127 -0.42421292 -0.42421292 0.32675284 2.82148653 2.27417251 -0.42421292 -0.42421292 -0.42421292 -0.42421292 -0.42421292 -0.42421292 -0.42421292 -0.42421292 -0.42421292 -0.42421292 -0.42421292
-0.42421292 -0.42421292 -0.42421292 -0.42421292 -0.42421292 -0.42421292 -0.42421292 -0.42421292 2.82148653 2.82148653 1.54866322 -0.42421292 -0.42421292 -0.42421292 -0.42421292 2.82148653 1.51047852 -0.42421292 -0.42421292 -0.42421292 -0.42421292 -0.42421292 -0.42421292 -0.42421292 -0.42421292 -0.42421292 -0.42421292 -0.42421292
-0.42421292 -0.42421292 -0.42421292 -0.42421292 -0.42421292 -0.42421292 -0.42421292 -0.42421292 2.82148653 2.82148653 -0.42421292 -0.42421292 -0.42421292 -0.42421292 2.46509600 2.82148653 -0.42421292 -0.42421292 -0.42421292 -0.42421292 -0.42421292 -0.42421292 -0.42421292 -0.42421292 -0.42421292 -0.42421292 -0.42421292 -0.42421292
-0.42421292 -0.42421292 -0.42421292 -0.42421292 -0.42421292 -0.42421292 -0.42421292 -0.42421292 1.28137032 2.82148653 2.82148653 -0.42421292 -0.42421292 -0.09327886 2.82148653 2.51600894 -0.42421292 -0.42421292 -0.42421292 -0.42421292 -0.42421292 -0.42421292 -0.42421292 -0.42421292 -0.42421292 -0.42421292 -0.42421292 -0.42421292
-0.42421292 -0.42421292 -0.42421292 -0.42421292 -0.42421292 -0.42421292 -0.42421292 -0.42421292 -0.42421292 1.72685848 2.82148653 2.82148653 2.82148653 2.82148653 2.82148653 -0.42421292 -0.42421292 -0.42421292 -0.42421292 -0.42421292 -0.42421292 -0.42421292 -0.42421292 -0.42421292 -0.42421292 -0.42421292 -0.42421292 -0.42421292
-0.42421292 -0.42421292 -0.42421292 -0.42421292 -0.42421292 -0.42421292 -0.42421292 -0.42421292 -0.42421292 -0.42421292 1.28137032 2.82148653 2.82148653 2.82148653 -0.15692002 -0.42421292 -0.42421292 -0.42421292 -0.42421292 -0.42421292 -0.42421292 -0.42421292 -0.42421292 -0.42421292 -0.42421292 -0.42421292 -0.42421292 -0.42421292
-0.42421292 -0.42421292 -0.42421292 -0.42421292 -0.42421292 -0.42421292 -0.42421292 -0.42421292 -0.42421292 -0.42421292 -0.42421292 -0.42421292 -0.42421292 -0.42421292 -0.42421292 -0.42421292 -0.42421292 -0.42421292 -0.42421292 -0.42421292 -0.42421292 -0.42421292 -0.42421292 -0.42421292 -0.42421292 -0.42421292 -0.42421292 -0.42421292
-0.42421292 -0.42421292 -0.42421292 -0.42421292 -0.42421292 -0.42421292 -0.42421292 -0.42421292 -0.42421292 -0.42421292 -0.42421292 -0.42421292 -0.42421292 -0.42421292 -0.42421292 -0.42421292 -0.42421292 -0.42421292 -0.42421292 -0.42421292 -0.42421292 -0.42421292 -0.42421292 -0.42421292 -0.42421292 -0.42421292 -0.42421292 -0.42421292
-0.42421292 -0.42421292 -0.42421292 -0.42421292 -0.42421292 -0.42421292 -0.42421292 -0.42421292 -0.42421292 -0.42421292 -0.42421292 -0.42421292 -0.42421292 -0.42421292 -0.42421292 -0.42421292 -0.42421292 -0.42421292 -0.42421292 -0.42421292 -0.42421292 -0.42421292 -0.42421292 -0.42421292 -0.42421292 -0.42421292 -0.42421292 -0.42421292
-0.42421292 -0.42421292 -0.42421292 -0.42421292 -0.42421292 -0.42421292 -0.42421292 -0.42421292 -0.42421292 -0.42421292 -0.42421292 -0.42421292 -0.42421292 -0.42421292 -0.42421292 -0.42421292 -0.42421292 -0.42421292 -0.42421292 -0.42421292 -0.42421292 -0.42421292 -0.42421292 -0.42421292 -0.42421292 -0.42421292 -0.42421292 -0.42421292
-0.42421292 -0.42421292 -0.42421292 -0.42421292 -0.42421292 -0.42421292 -0.42421292 -0.42421292 -0.42421292 -0.42421292 -0.42421292 -0.11873532 -0.42421292 -0.42421292 -0.42421292 -0.42421292 -0.42421292 -0.42421292 -0.42421292 -0.42421292 -0.42421292 -0.42421292 -0.42421292 -0.42421292 -0.42421292 -0.42421292 -0.42421292 -0.42421292
-0.42421292 -0.42421292 -0.42421292 -0.42421292 -0.42421292 -0.42421292 -0.42421292 -0.42421292 -0.42421292 -0.42421292 -0.42421292 -0.42421292 -0.42421292 -0.42421292 -0.42421292 -0.42421292 -0.42421292 -0.42421292 -0.42421292 -0.42421292 -0.42421292 -0.42421292 -0.42421292 -0.42421292 -0.42421292 -0.42421292 -0.42421292 -0.42421292
-0.42421292 -0.42421292 -0.42421292 -0.42421292 -0.42421292 -0.42421292 -0.42421292 -0.42421292 -0.42421292 -0.42421292 -0.42421292 -0.42421292 -0.42421292 -0.42421292 -0.42421292 -0.42421292 -0.42421292 -0.42421292 -0.42421292 -0.42421292 -0.42421292 -0.42421292 -0.42421292 -0.42421292 -0.42421292 -0.42421292 -0.42421292 -0.42421292
-0.42421292 -0.42421292 -0.42421292 -0.42421292 -0.42421292 -0.42421292 -0.42421292 -0.42421292 -0.42421292 -0.42421292 -0.42421292 -0.42421292 -0.42421292 -0.42421292 -0.42421292 -0.42421292 -0.42421292 -0.42421292 -0.42421292 -0.42421292 -0.42421292 -0.42421292 -0.42421292 -0.42421292 -0.42421292 -0.42421292 -0.42421292 -0.42421292
