-0.42421292 -0.42421292 -0.42421292 -0.42421292 -0.42421292 -0.42421292 -0.42421292 -0.42421292 -0.42421292 -0.42421292 -0.42421292 -0.42421292 -0.42421292 -0.42421292 -0.42421292 -0.42421292 -0.42421292 -0.42421292 -0.42421292 -0.42421292 -0.42421292 -0.42421292 -0.42421292 -0.42421292 -0.42421292 -0.42421292 -0.42421292 -0.42421292
-0.42421292 -0.42421292 -0.42421292 -0.42421292 -0.42421292 -0.42421292 -0.42421292 -0.42421292 -0.42421292 -0.42421292 -0.42421292 -0.42421292 -0.42421292 -0.42421292 -0.42421292 -0.42421292 -0.42421292 -0.42421292 -0.42421292 -0.42421292 -0.42421292 -0.42421292 -0.42421292 -0.42421292 -0.42421292 -0.42421292 -0.42421292 -0.42421292
-0.42421292 -0.42421292 -0.42421292 -0.42421292 -0.42421292 -0.42421292 -0.42421292 -0.42421292 -0.42421292 -0.42421292 -0.42421292 -0.42421292 -0.42421292 -0.42421292 -0.42421292 -0.42421292 -0.42421292 -0.42421292 -0.42421292 -0.42421292 -0.42421292 -0.42421292 -0.42421292 -0.42421292 -0.42421292 -0.42421292 -0.42421292 -0.42421292
-0.42421292 -0.42421292 -0.42421292 -0.42421292 -0.42421292 -0.42421292 -0.42421292 -0.42421292 -0.42421292 -0.42421292 -0.42421292 -0.42421292 -0.42421292 -0.42421292 -0.42421292 -0.42421292 -0.42421292 -0.42421292 -0.42421292 -0.42421292 -0.42421292 -0.42421292 -0.42421292 -0.42421292 -0.42421292 -0.42421292 -0.42421292 -0.42421292
-0.42421292 -0.42421292 -0.42421292 -0.42421292 -0.42421292 -0.42421292 -0.42421292 -0.42421292 -0.42421292 0.45403517 2.68147597 2.82148653 2.82148653 2.82148653 2.82148653 2.82148653 2.82148653 -0.42421292 -0.42421292 -0.42421292 -0.42421292 -0.42421292 -0.42421292 -0.42421292 -0.42421292 -0.42421292 -0.42421292 -0.42421292
-0.42421292 -0.42421292 -0.42421292 -0.42421292 -0.42421292 -0.42421292 -0.42421292 -0.42421292 -0.09327886 2.82148653 2.82148653 2.82148653 1.85414081 0.60677397 -0.05509416 2.82148653 2.45236777 -0.42421292 -0.42421292 -0.42421292 -0.42421292 -0.42421292 -0.42421292 -0.42421292 -0.42421292 -0.42421292 -0.42421292 -0.42421292
-0.42421292 -0.42421292 -0.42421292 -0.42421292 -0.42421292 -0.42421292 -0.42421292 -0.42421292 -0.42421292 -0.42421292 -0.42421292 -0.42421292 -0.42421292 -0.42421292 -0.42421292 2.82148653 0.69587160 -0.42421292 -0.42421292 -0.42421292 -0.42421292 -0.42421292 -0.42421292 -0.42421292 -0.42421292 -0.42421292 -0.42421292 -0.42421292
-0.42421292 -0.42421292 -0.42421292 -0.42421292 -0.42421292 -0.42421292 -0.42421292 -0.42421292 -0.42421292 -0.42421292 -0.42421292 -0.42421292 -0.42421292 -0.42421292 0.30129637 2.82148653 -0.42421292 -0.42421292 -0.42421292 -0.42421292 -0.42421292 -0.42421292 -0.42421292 -0.42421292 -0.42421292 -0.42421292 -0.42421292 -0.42421292
-0.42421292 -0.42421292 -0.42421292 -0.42421292 -0.42421292 -0.42421292 -0.42421292 -0.42421292 -0.42421292 -0.42421292 -0.42421292 -0.42421292 -0.42421292 -0.42421292 2.77057360 2.82148653 -0.42421292 -0.42421292 -0.42421292 -0.42421292 -0.42421292 -0.42421292 -0.42421292 -0.42421292 -0.42421292 -0.42421292 -0.42421292 -0.42421292
-0.42421292 -0.42421292 -0.42421292 -0.42421292 -0.42421292 -0.42421292 -0.42421292 -0.42421292 -0.42421292 -0.42421292 -0.42421292 -0.42421292 -0.42421292 -0.42421292 2.82148653 2.82148653 -0.42421292 -0.42421292 -0.42421292 -0.42421292 -0.42421292 -0.42421292 -0.42421292 -0.42421292 -0.42421292 -0.42421292 -0.42421292 -0.42421292
-0.42421292 -0.42421292 -0.42421292 -0.42421292 -0.42421292 -0.42421292 -0.42421292 -0.42421292 -0.42421292 -0.42421292 -0.42421292 -0.42421292 -0.42421292 -0.42421292 2.82148653 1.00134919 -0.42421292 -0.42421292 -0.42421292 -0.42421292 -0.42421292 -0.42421292 -0.42421292 -0.42421292 -0.42421292 -0.42421292 -0.42421292 -0.42421292
-0.42421292 -0.42421292 -0.42421292 -0.42421292 -0.42421292 -0.42421292 -0.42421292 -0.42421292 -0.42421292 -0.42421292 -0.42421292 -0.42421292 -0.42421292 0.50494810 2.82148653 -0.42421292 -0.42421292 -0.42421292 -0.42421292 -0.42421292 -0.42421292 -0.42421292 -0.42421292 -0.42421292 -0.42421292 -0.42421292 -0.42421292 -0.42421292
-0.42421292 -0.42421292 -0.42421292 -0.42421292 -0.42421292 -0.42421292 -0.42421292 -0.42421292 -0.42421292 -0.42421292 -0.42421292 -0.42421292 -0.42421292 2.32508544 2.82148653 -0.42421292 -0.42421292 -0.42421292 -0.42421292 -0.42421292 -0.42421292 -0.42421292 -0.42421292 -0.42421292 -0.42421292 -0.42421292 -0.42421292 -0.42421292
-0.42421292 -0.42421292 -0.42421292 -0.42421292 -0.42421292 -0.42421292 -0.42421292 -0.42421292 -0.42421292 -0.42421292 -0.42421292 1.45956559 2.82148653 2.82148653 2.82148653 2.82148653 2.82148653 2.82148653 2.37599837 -0.42421292 -0.42421292 -0.42421292 -0.42421292 -0.42421292 -0.42421292 -0.42421292 -0.42421292 -0.42421292
-0.42421292 -0.42421292 -0.42421292 -0.42421292 -0.42421292 -0.42421292 -0.42421292 -0.42421292 -0.42421292 -0.42421292 2.82148653 2.82148653 2.82148653 2.82148653 2.82148653 2.82148653 2.82148653 2.47782424 0.18674227 -0.42421292 -0.42421292 -0.42421292 -0.42421292 -0.42421292 -0.42421292 -0.42421292 -0.42421292 -0.42421292
-0.42421292 -0.42421292 -0.42421292 -0.42421292 -0.42421292 -0.42421292 -0.42421292 -0.42421292 -0.42421292 -0.42421292 -0.42421292 -0.42421292 -0.42421292 2.82148653 -0.42421292 -0.42421292 -0.42421292 -0.42421292 -0.42421292 -0.42421292 -0.42421292 -0.42421292 -0.42421292 -0.42421292 -0.42421292 -0.42421292 -0.42421292 -0.42421292
-0.42421292 -0.42421292 -0.42421292 -0.42421292 -0.42421292 -0.42421292 -0.42421292 -0.42421292 -0.42421292 -0.42421292 -0.42421292 -0.42421292 2.82148653 2.82148653 -0.42421292 -0.42421292 -0.42421292 -0.42421292 -0.42421292 -0.42421292 -0.42421292 -0.42421292 -0.42421292 -0.42421292 -0.42421292 -0.42421292 -0.42421292 -0.42421292
-0.42421292 -0.42421292 -0.42421292 -0.42421292 -0.42421292 -0.42421292 -0.42421292 -0.42421292 -0.42421292 -0.42421292 -0.42421292 -0.42421292 2.82148653 2.28690074 -0.42421292 -0.42421292 -0.42421292 -0.42421292 -0.42421292 -0.42421292 -0.42421292 -0.42421292 -0.42421292 -0.42421292 -0.42421292 -0.42421292 -0.42421292 -0.42421292
-0.42421292 -0.42421292 -0.42421292 -0.42421292 -0.42421292 -0.42421292 -0.42421292 -0.42421292 -0.42421292 -0.42421292 -0.42421292 0.03400347 2.82148653 -0.42421292 -0.42421292 -0.42421292 -0.42421292 -0.42421292 -0.42421292 -0.42421292 -0.42421292 -0.42421292 -0.42421292 -0.42421292 -0.42421292 -0.42421292 -0.42421292 -0.42421292
-0.42421292 -0.42421292 -0.42421292 -0.42421292 -0.42421292 -0.42421292 -0.42421292 -0.42421292 -0.42421292 -0.42421292 -0.42421292 2.82148653 2.82148653 -0.42421292 -0.42421292 -0.42421292 -0.42421292 -0.42421292 -0.42421292 -0.42421292 -0.42421292 -0.42421292 -0.42421292 -0.42421292 -0.42421292 -0.42421292 -0.42421292 -0.42421292
-0.42421292 -0.42421292 -0.42421292 -0.42421292 -0.42421292 -0.42421292 -0.42421292 -0.42421292 -0.42421292 -0.42421292 -0.42421292 2.82148653 2.08324901 -0.42421292 -0.42421292 -0.42421292 -0.42421292 -0.42421292 -0.42421292 -0.42421292 -0.42421292 -0.42421292 -0.42421292 -0.42421292 -0.42421292 -0.42421292 -0.42421292 -0.42421292
-0.42421292 -0.42421292 -0.42421292 -0.42421292 -0.42421292 -0.42421292 -0.42421292 -0.42421292 -0.42421292 -0.42421292 0.74678453 2.82148653 -0.42421292 -0.42421292 -0.42421292 -0.42421292 -0.42421292 -0.42421292 -0.42421292 -0.42421292 -0.42421292 -0.42421292 -0.42421292 -0.42421292 -0.42421292 -0.42421292 -0.42421292 -0.42421292
-0.42421292 -0.42421292 -0.42421292 -0.42421292 -0.42421292 -0.42421292 -0.42421292 -0.42421292 -0.42421292 -0.42421292 0.50494810 2.01960784 -0.42421292 -0.42421292 -0.42421292 -0.42421292 -0.42421292 -0.42421292 -0.42421292 -0.42421292 -0.42421292 -0.42421292 -0.42421292 -0.42421292 -0.42421292 -0.42421292 -0.42421292 -0.42421292
-0.42421292 -0.42421292 -0.42421292 -0.42421292 -0.42421292 -0.42421292 -0.42421292 -0.42421292 -0.42421292 -0.42421292 -0.42421292 -0.42421292 -0.42421292 -0.42421292 -0.42421292 -0.42421292 -0.42421292 -0.42421292 -0.42421292 -0.42421292 -0.42421292 -0.42421292 -0.42421292 -0.42421292 -0.42421292 -0.42421292 -0.42421292 -0.42421292
-0.42421292 -0.42421292 -0.42421292 -0.42421292 -0.42421292 -0.42421292 -0.42421292 -0.42421292 -0.42421292 -0.42421292 -0.42421292 -0.42421292 -0.42421292 -0.42421292 -0.42421292 -0.42421292 -0.42421292 -0.42421292 -0.42421292 -0.42421292 -0.42421292 -0.42421292 -0.42421292 -0.42421292 -0.42421292 -0.42421292 -0.42421292 -0.42421292
-0.42421292 -0.42421292 -0.42421292 -0.42421292 -0.42421292 -0.42421292 -0.42421292 -0.42421292 -0.42421292 -0.42421292 -0.42421292 -0.42421292 -0.42421292 -0.42421292 -0.42421292 -0.42421292 -0.42421292 -0.42421292 -0.42421292 -0.42421292 -0.42421292 -0.42421292 -0.42421292 -0.42421292 -0.42421292 -0.42421292 -0.42421292 -0.42421292
-0.42421292 -0.42421292 -0.42421292 -0.42421292 -0.42421292 -0.42421292 -0.42421292 -0.42421292 -0.42421292 -0.42421292 -0.42421292 -0.42421292 -0.42421292 -0.42421292 -0.42421292 -0.42421292 -0.42421292 -0.42421292 -0.42421292 -0.42421292 -0.42421292 -0.42421292 -0.42421292 -0.42421292 -0.42421292 -0.42421292 -0.42421292 -0.42421292
-0.42421292 -0.42421292 -0.42421292 -0.42421292 -0.42421292 -0.42421292 -0.42421292 -0.42421292 -0.42421292 -0.42421292 -0.42421292 -0.42421292 -0.42421292 -0.42421292 -0.42421292 -0.42421292 -0.42421292 -0.42421292 -0.42421292 -0.42421292 -0.42421292 -0.42421292 -0.42421292 -0.42421292 -0.42421292 -0.42421292 -0.42421292 -0.42421292
