-0.42421292 -0.42421292 -0.42421292 -0.42421292 -0.42421292 -0.42421292 -0.42421292 -0.42421292 -0.42421292 -0.42421292 -0.42421292 -0.42421292 -0.42421292 -0.42421292 -0.42421292 -0.42421292 -0.42421292 -0.42421292 -0.42421292 -0.42421292 -0.42421292 -0.42421292 -0.42421292 -0.42421292 -0.42421292 -0.42421292 -0.42421292 -0.42421292
-0.42421292 -0.42421292 -0.42421292 -0.42421292 -0.42421292 -0.42421292 -0.42421292 -0.42421292 -0.42421292 -0.42421292 -0.42421292 -0.42421292 -0.42421292 -0.42421292 -0.42421292 -0.42421292 -0.42421292 -0.42421292 -0.42421292 -0.42421292 -0.42421292 -0.42421292 -0.42421292 -0.42421292 -0.42421292 -0.42421292 -0.42421292 -0.42421292
-0.42421292 -0.42421292 -0.42421292 -0.42421292 -0.42421292 -0.42421292 -0.42421292 -0.42421292 -0.42421292 -0.42421292 -0.42421292 -0.42421292 -0.42421292 -0.42421292 -0.42421292 -0.42421292 -0.42421292 -0.42421292 -0.42421292 -0.42421292 -0.42421292 -0.42421292 -0.42421292 -0.42421292 -0.42421292 -0.42421292 -0.42421292 -0.42421292
-0.42421292 -0.42421292 -0.42421292 -0.42421292 -0.42421292 -0.42421292 -0.42421292 -0.42421292 -0.42421292 -0.42421292 -0.42421292 -0.42421292 -0.42421292 0.40312224 2.82148653 2.82148653 2.82148653 2.82148653 -0.42421292 -0.42421292 -0.42421292 -0.42421292 -0.42421292 -0.42421292 -0.42421292 -0.42421292 -0.42421292 -0.42421292
-0.42421292 -0.42421292 -0.42421292 -0.42421292 -0.42421292 -0.42421292 -0.42421292 -0.42421292 -0.42421292 -0.42421292 -0.42421292 -0.42421292 0.00854701 2.82148653 2.82148653 -0.42421292 1.33228325 2.82148653 2.82148653 -0.01690946 -0.42421292 -0.42421292 -0.42421292 -0.42421292 -0.42421292 -0.42421292 -0.42421292 -0.42421292
-0.42421292 -0.42421292 -0.42421292 -0.42421292 -0.42421292 -0.42421292 -0.42421292 -0.42421292 -0.42421292 -0.42421292 -0.42421292 -0.42421292 2.82148653 2.82148653 -0.42421292 -0.42421292 -0.42421292 -0.42421292 2.82148653 2.82148653 -0.42421292 -0.42421292 -0.42421292 -0.42421292 -0.42421292 -0.42421292 -0.42421292 -0.42421292
-0.42421292 -0.42421292 -0.42421292 -0.42421292 -0.42421292 -0.42421292 -0.42421292 -0.42421292 -0.42421292 -0.42421292 -0.42421292 0.40312224 2.82148653 -0.42421292 -0.42421292 -0.42421292 -0.42421292 -0.42421292 -0.42421292 2.70693243 2.82148653 -0.42421292 -0.42421292 -0.42421292 -0.42421292 -0.42421292 -0.42421292 -0.42421292
-0.42421292 -0.42421292 -0.42421292 -0.42421292 -0.42421292 -0.42421292 -0.42421292 -0.42421292 -0.42421292 -0.42421292 -0.42421292 2.82148653 2.82148653 -0.42421292 -0.42421292 -0.42421292 -0.42421292 -0.42421292 -0.42421292 -0.42421292 2.82148653 2.82148653 -0.42421292 -0.42421292 -0.42421292 -0.42421292 -0.42421292 -0.42421292
-0.42421292 -0.42421292 -0.42421292 -0.42421292 -0.42421292 -0.42421292 -0.42421292 -0.42421292 -0.42421292 -0.42421292 -0.42421292 2.82148653 2.41418307 -0.42421292 -0.42421292 -0.42421292 -0.42421292 -0.42421292 -0.42421292 -0.42421292 0.30129637 2.82148653 -0.42421292 -0.42421292 -0.42421292 -0.42421292 -0.42421292 -0.42421292
-0.42421292 -0.42421292 -0.42421292 -0.42421292 -0.42421292 -0.42421292 -0.42421292 -0.42421292 -0.42421292 -0.42421292 -0.42421292 2.82148653 1.09044682 -0.42421292 -0.42421292 -0.42421292 -0.42421292 -0.42421292 -0.42421292 -0.42421292 -0.42421292 2.82148653 -0.42421292 -0.42421292 -0.42421292 -0.42421292 -0.42421292 -0.42421292
-0.42421292 -0.42421292 -0.42421292 -0.42421292 -0.42421292 -0.42421292 -0.42421292 -0.42421292 -0.42421292 -0.42421292 -0.42421292 2.82148653 0.30129637 -0.42421292 -0.42421292 -0.42421292 -0.42421292 -0.42421292 -0.42421292 -0.42421292 -0.42421292 2.82148653 -0.42421292 -0.42421292 -0.42421292 -0.42421292 -0.42421292 -0.42421292
-0.42421292 -0.42421292 -0.42421292 -0.42421292 -0.42421292 -0.42421292 -0.42421292 -0.42421292 -0.42421292 -0.42421292 -0.42421292 2.82148653 -0.42421292 -0.42421292 -0.42421292 -0.42421292 -0.42421292 -0.42421292 -0.42421292 -0.42421292 -0.42421292 2.82148653 -0.42421292 -0.42421292 -0.42421292 -0.42421292 -0.42421292 -0.42421292
-0.42421292 -0.42421292 -0.42421292 -0.42421292 -0.42421292 -0.42421292 -0.42421292 -0.42421292 -0.42421292 -0.42421292 -0.42421292 2.82148653 -0.42421292 -0.42421292 -0.42421292 -0.42421292 -0.42421292 -0.42421292 -0.42421292 -0.42421292 -0.01690946 2.82148653 -0.42421292 -0.42421292 -0.42421292 -0.42421292 -0.42421292 -0.42421292
-0.42421292 -0.42421292 -0.42421292 -0.42421292 -0.42421292 -0.42421292 -0.42421292 -0.42421292 -0.42421292 -0.42421292 -0.42421292 2.82148653 0.30129637 -0.42421292 -0.42421292 -0.42421292 -0.42421292 -0.42421292 -0.42421292 -0.42421292 0.21219874 2.82148653 -0.42421292 -0.42421292 -0.42421292 -0.42421292 -0.42421292 -0.42421292
-0.42421292 -0.42421292 -0.42421292 -0.42421292 -0.42421292 -0.42421292 -0.42421292 -0.42421292 -0.42421292 -0.42421292 -0.42421292 2.82148653 1.53593498 -0.42421292 -0.42421292 -0.42421292 -0.42421292 -0.42421292 -0.42421292 -0.42421292 1.95596668 2.82148653 -0.42421292 -0.42421292 -0.42421292 -0.42421292 -0.42421292 -0.42421292
-0.42421292 -0.42421292 -0.42421292 -0.42421292 -0.42421292 -0.42421292 -0.42421292 -0.42421292 -0.42421292 -0.42421292 -0.42421292 2.82148653 2.82148653 -0.42421292 -0.42421292 -0.42421292 -0.42421292 -0.42421292 -0.42421292 -0.42421292 2.82148653 2.04506431 -0.42421292 -0.42421292 -0.42421292 -0.42421292 -0.42421292 -0.42421292
-0.42421292 -0.42421292 -0.42421292 -0.42421292 -0.42421292 -0.42421292 -0.42421292 -0.42421292 -0.42421292 -0.42421292 -0.42421292 2.04506431 2.82148653 -0.42421292 -0.42421292 -0.42421292 -0.42421292 -0.42421292 -0.42421292 0.77224100 2.82148653 -0.42421292 -0.42421292 -0.42421292 -0.42421292 -0.42421292 -0.42421292 -0.42421292
-0.42421292 -0.42421292 -0.42421292 -0.42421292 -0.42421292 -0.42421292 -0.42421292 -0.42421292 -0.42421292 -0.42421292 -0.42421292 -0.42421292 2.82148653 0.59404573 -0.42421292 -0.42421292 -0.42421292 -0.42421292 -0.42421292 2.82148653 1.33228325 -0.42421292 -0.42421292 -0.42421292 -0.42421292 -0.42421292 -0.42421292 -0.42421292
-0.42421292 -0.42421292 -0.42421292 -0.42421292 -0.42421292 -0.42421292 -0.11873532 -0.42421292 -0.42421292 -0.42421292 -0.42421292 -0.42421292 2.22325957 2.82148653 -0.42421292 -0.42421292 -0.42421292 -0.42421292 2.82148653 2.82148653 -0.42421292 -0.42421292 -0.42421292 -0.42421292 -0.42421292 -0.42421292 -0.42421292 -0.42421292
-0.42421292 -0.42421292 -0.42421292 -0.42421292 -0.42421292 -0.42421292 -0.42421292 -0.42421292 -0.42421292 -0.42421292 -0.42421292 -0.42421292 -0.42421292 2.82148653 2.82148653 2.82148653 2.82148653 2.82148653 2.82148653 -0.42421292 -0.42421292 -0.42421292 -0.42421292 -0.42421292 -0.42421292 -0.42421292 -0.42421292 -0.42421292
-0.42421292 -0.42421292 -0.42421292 -0.42421292 -0.42421292 -0.42421292 -0.42421292 -0.42421292 -0.42421292 -0.42421292 -0.42421292 -0.42421292 -0.42421292 -0.42421292 0.17401404 2.82148653 2.82148653 1.14135976 -0.42421292 -0.42421292 -0.42421292 -0.42421292 -0.42421292 -0.42421292 -0.42421292 -0.42421292 -0.42421292 -0.42421292
-0.42421292 -0.42421292 -0.42421292 -0.42421292 -0.42421292 -0.42421292 -0.42421292 -0.42421292 -0.42421292 -0.42421292 -0.42421292 -0.42421292 -0.42421292 -0.42421292 -0.42421292 -0.42421292 -0.42421292 -0.42421292 -0.42421292 -0.42421292 -0.42421292 -0.42421292 -0.42421292 -0.42421292 -0.42421292 -0.42421292 -0.42421292 -0.42421292
-0.42421292 -0.42421292 -0.42421292 -0.42421292 -0.42421292 -0.42421292 -0.42421292 -0.42421292 -0.42421292 -0.42421292 -0.42421292 -0.42421292 -0.42421292 -0.42421292 -0.42421292 -0.42421292 -0.42421292 -0.42421292 -0.42421292 -0.42421292 -0.42421292 -0.42421292 -0.42421292 -0.42421292 -0.42421292 -0.42421292 -0.42421292 -0.42421292
-0.42421292 -0.42421292 -0.42421292 -0.42421292 -0.42421292 -0.42421292 -0.11873532 -0.42421292 -0.42421292 -0.42421292 -0.42421292 -0.42421292 -0.42421292 -0.42421292 -0.42421292 -0.42421292 -0.42421292 -0.42421292 -0.42421292 -0.42421292 -0.42421292 -0.42421292 -0.42421292 -0.42421292 -0.42421292 -0.42421292 -0.42421292 -0.42421292
-0.42421292 -0.42421292 -0.42421292 -0.42421292 -0.42421292 -0.42421292 -0.06782239 -0.42421292 -0.42421292 -0.42421292 -0.42421292 -0.42421292 -0.42421292 -0.42421292 -0.42421292 -0.42421292 -0.42421292 -0.42421292 -0.42421292 -0.42421292 -0.42421292 -0.42421292 -0.42421292 -0.42421292 -0.42421292 -0.42421292 -0.42421292 -0.42421292
-0.42421292 -0.42421292 -0.42421292 -0.42421292 -0.42421292 -0.42421292 -0.42421292 -0.42421292 -0.42421292 -0.42421292 -0.42421292 -0.42421292 -0.42421292 -0.42421292 -0.42421292 -0.42421292 -0.42421292 -0.42421292 -0.42421292 -0.42421292 -0.42421292 -0.42421292 -0.42421292 -0.42421292 -0.42421292 -0.42421292 -0.42421292 -0.42421292
-0.42421292 -0.42421292 -0.42421292 -0.42421292 -0.42421292 -0.42421292 -0.42421292 -0.42421292 -0.42421292 -0.42421292 -0.42421292 -0.42421292 -0.42421292 -0.42421292 -0.42421292 -0.42421292 -0.42421292 -0.42421292 -0.42421292 -0.42421292 -0.42421292 -0.42421292 -0.42421292 -0.42421292 -0.42421292 -0.42421292 -0.42421292 -0.42421292
-0.42421292 -0.42421292 -0.42421292 -0.42421292 -0.42421292 -0.42421292 -0.42421292 -0.42421292 -0.42421292 -0.42421292 -0.42421292 -0.42421292 -0.42421292 -0.42421292 -0.42421292 -0.42421292 -0.42421292 -0.42421292 -0.42421292 -0.42421292 -0.42421292 -0.42421292 -0.42421292 -0.42421292 -0.42421292 -0.42421292 -0.42421292 -0.42421292
