-0.42421292 -0.42421292 -0.42421292 -0.42421292 -0.42421292 -0.42421292 -0.42421292 -0.42421292 -0.42421292 -0.42421292 -0.42421292 -0.42421292 -0.42421292 -0.42421292 -0.42421292 -0.42421292 -0.42421292 -0.42421292 -0.42421292 -0.42421292 -0.42421292 -0.42421292 -0.42421292 -0.42421292 -0.42421292 -0.42421292 -0.42421292 -0.42421292
-0.42421292 -0.42421292 -0.42421292 -0.42421292 -0.42421292 -0.42421292 -0.42421292 -0.42421292 -0.42421292 -0.42421292 -0.42421292 -0.42421292 -0.42421292 -0.42421292 -0.42421292 -0.42421292 -0.42421292 -0.42421292 -0.42421292 -0.42421292 -0.42421292 -0.42421292 -0.42421292 -0.42421292 -0.42421292 -0.42421292 -0.42421292 -0.42421292
-0.42421292 -0.42421292 -0.42421292 -0.42421292 -0.42421292 -0.42421292 -0.42421292 -0.42421292 -0.42421292 -0.42421292 -0.42421292 -0.42421292 -0.42421292 -0.42421292 -0.42421292 -0.42421292 -0.42421292 -0.42421292 -0.42421292 -0.42421292 -0.42421292 -0.42421292 -0.42421292 -0.42421292 -0.42421292 -0.42421292 -0.42421292 -0.42421292
-0.42421292 -0.42421292 -0.42421292 -0.42421292 -0.42421292 -0.42421292 -0.42421292 -0.42421292 -0.42421292 -0.42421292 -0.42421292 -0.42421292 -0.42421292 -0.42421292 -0.42421292 -0.10600709 0.23765520 0.16128581 0.12310111 0.31402460 0.45403517 0.37766577 0.47949163 -0.42421292 -0.42421292 -0.42421292 -0.42421292 -0.42421292
-0.42421292 -0.42421292 -0.42421292 -0.42421292 -0.42421292 -0.42421292 -0.42421292 -0.42421292 -0.42421292 -0.42421292 -0.42421292 -0.42421292 -0.42421292 -0.42421292 -0.42421292 -0.05509416 0.12310111 0.08491641 -0.42421292 -0.01690946 0.39039400 0.47949163 0.55586103 -0.42421292 -0.42421292 -0.42421292 -0.42421292 -0.42421292
-0.42421292 -0.42421292 -0.42421292 -0.42421292 -0.42421292 -0.42421292 -0.42421292 -0.42421292 -0.42421292 -0.42421292 -0.42421292 -0.42421292 1.66321732 -0.42421292 -0.42421292 -0.42421292 0.12310111 0.16128581 -0.10600709 0.28856814 0.45403517 0.63223043 0.55586103 -0.42421292 -0.42421292 -0.42421292 -0.42421292 -0.42421292
-0.42421292 -0.42421292 -0.42421292 -0.42421292 -0.42421292 -0.42421292 -0.42421292 -0.42421292 -0.42421292 -0.42421292 0.55586103 2.82148653 2.82148653 -0.42421292 -0.42421292 -0.42421292 0.04673171 0.31402460 0.16128581 0.45403517 0.31402460 0.45403517 0.65768690 -0.42421292 -0.42421292 -0.42421292 -0.42421292 -0.42421292
-0.42421292 -0.42421292 -0.42421292 -0.42421292 -0.42421292 -0.42421292 -0.42421292 -0.42421292 -0.42421292 2.23598781 2.82148653 2.82148653 2.82148653 -0.42421292 -0.42421292 -0.42421292 -0.42421292 -0.13146356 0.08491641 0.31402460 0.37766577 0.45403517 0.55586103 -0.42421292 -0.42421292 -0.42421292 -0.42421292 -0.42421292
-0.42421292 -0.42421292 -0.42421292 -0.42421292 -0.42421292 -0.42421292 -0.42421292 0.28856814 2.82148653 2.82148653 1.76504318 2.82148653 2.82148653 -0.42421292 -0.42421292 -0.42421292 -0.42421292 -0.10600709 0.31402460 0.45403517 0.37766577 0.39039400 0.45403517 -0.42421292 -0.42421292 -0.42421292 -0.42421292 -0.42421292
-0.42421292 -0.42421292 -0.42421292 -0.42421292 -0.42421292 -0.42421292 1.07771859 2.82148653 2.82148653 -0.42421292 -0.42421292 2.82148653 2.82148653 -0.42421292 -0.42421292 -0.42421292 -0.42421292 -0.10600709 0.28856814 0.21219874 0.31402460 0.45403517 0.50494810 -0.42421292 -0.42421292 -0.42421292 -0.42421292 -0.42421292
-0.42421292 -0.42421292 -0.42421292 -0.42421292 -0.42421292 -0.42421292 0.04673171 0.58131750 -0.42421292 -0.42421292 -0.42421292 2.82148653 1.16681622 -0.42421292 -0.42421292 -0.42421292 -0.42421292 -0.42421292 0.02127524 0.21219874 0.39039400 0.55586103 0.58131750 -0.42421292 -0.42421292 -0.42421292 -0.42421292 -0.42421292
-0.42421292 -0.42421292 -0.42421292 -0.42421292 -0.42421292 -0.42421292 -0.42421292 -0.42421292 -0.42421292 -0.42421292 0.91225156 2.82148653 -0.13146356 -0.42421292 -0.42421292 -0.42421292 -0.42421292 0.16128581 0.23765520 0.21219874 0.47949163 0.45403517 0.55586103 -0.42421292 -0.42421292 -0.42421292 -0.42421292 -0.42421292
-0.42421292 -0.42421292 -0.42421292 -0.42421292 -0.42421292 -0.42421292 -0.42421292 -0.42421292 -0.42421292 -0.42421292 2.32508544 2.82148653 -0.42421292 -0.42421292 -0.42421292 -0.42421292 -0.42421292 -0.10600709 -0.10600709 0.08491641 0.31402460 0.23765520 0.63223043 -0.42421292 -0.42421292 -0.42421292 -0.42421292 -0.42421292
-0.42421292 -0.42421292 -0.42421292 -0.42421292 -0.42421292 -0.42421292 -0.42421292 -0.42421292 -0.42421292 -0.42421292 2.82148653 2.82148653 -0.42421292 -0.42421292 -0.42421292 -0.42421292 -0.42421292 -0.42421292 0.04673171 0.28856814 0.39039400 0.45403517 0.55586103 -0.42421292 -0.42421292 -0.42421292 -0.42421292 -0.42421292
-0.42421292 -0.42421292 -0.42421292 -0.42421292 -0.42421292 -0.42421292 -0.42421292 -0.42421292 -0.42421292 -0.42421292 2.82148653 2.82148653 -0.42421292 -0.42421292 -0.42421292 -0.42421292 -0.42421292 0.04673171 0.08491641 0.16128581 0.37766577 0.47949163 0.65768690 -0.42421292 -0.42421292 -0.42421292 -0.42421292 -0.42421292
-0.42421292 -0.42421292 -0.42421292 -0.42421292 -0.42421292 -0.42421292 -0.42421292 -0.42421292 -0.42421292 -0.42421292 2.82148653 2.82148653 -0.42421292 -0.42421292 -0.42421292 -0.42421292 -0.42421292 0.23765520 0.23765520 0.16128581 0.37766577 0.63223043 0.89952333 -0.42421292 -0.42421292 -0.42421292 -0.42421292 -0.42421292
-0.42421292 -0.42421292 -0.42421292 -0.42421292 -0.42421292 -0.42421292 -0.42421292 -0.42421292 -0.42421292 -0.42421292 2.82148653 2.23598781 -0.42421292 -0.42421292 -0.42421292 -0.42421292 -0.42421292 0.02127524 0.31402460 0.47949163 0.58131750 0.70859983 0.81042570 -0.42421292 -0.42421292 -0.42421292 -0.42421292 -0.42421292
-0.42421292 -0.42421292 -0.42421292 -0.42421292 -0.42421292 -0.42421292 -0.42421292 -0.42421292 -0.42421292 0.81042570 2.82148653 -0.01690946 -0.42421292 -0.42421292 -0.42421292 -0.42421292 -0.42421292 0.12310111 0.45403517 0.58131750 0.74678453 0.70859983 0.81042570 -0.42421292 -0.42421292 -0.42421292 -0.42421292 -0.42421292
-0.42421292 -0.42421292 -0.42421292 -0.42421292 -0.42421292 -0.42421292 -0.42421292 -0.42421292 -0.42421292 2.61783480 2.82148653 -0.42421292 -0.42421292 -0.42421292 -0.42421292 -0.13146356 0.23765520 0.28856814 0.37766577 0.45403517 0.47949163 0.70859983 0.74678453 -0.42421292 -0.42421292 -0.42421292 -0.42421292 -0.42421292
-0.42421292 -0.42421292 -0.42421292 -0.42421292 -0.42421292 -0.42421292 -0.42421292 -0.42421292 -0.42421292 2.82148653 2.82148653 -0.42421292 -0.42421292 -0.42421292 -0.42421292 -0.10600709 0.16128581 0.12310111 0.31402460 0.39039400 0.45403517 0.81042570 0.78496923 -0.42421292 -0.42421292 -0.42421292 -0.42421292 -0.42421292
-0.42421292 -0.42421292 -0.42421292 -0.42421292 -0.42421292 -0.42421292 -0.42421292 -0.42421292 -0.42421292 2.82148653 2.82148653 -0.42421292 -0.42421292 -0.42421292 -0.42421292 0.02127524 0.12310111 0.16128581 0.39039400 0.39039400 0.39039400 0.70859983 0.84861040 -0.42421292 -0.42421292 -0.42421292 -0.42421292 -0.42421292
-0.42421292 -0.42421292 -0.42421292 -0.42421292 -0.42421292 -0.42421292 -0.42421292 -0.42421292 0.02127524 2.82148653 0.78496923 -0.42421292 -0.42421292 -0.42421292 -0.42421292 -0.13146356 0.04673171 0.23765520 0.39039400 0.45403517 0.50494810 0.74678453 0.81042570 -0.42421292 -0.42421292 -0.42421292 -0.42421292 -0.42421292
-0.42421292 -0.42421292 -0.42421292 -0.42421292 -0.42421292 -0.42421292 -0.42421292 -0.42421292 1.26864209 2.82148653 -0.42421292 -0.42421292 -0.42421292 -0.42421292 -0.42421292 -0.42421292 0.23765520 0.37766577 0.37766577 0.45403517 0.58131750 0.81042570 0.81042570 -0.42421292 -0.42421292 -0.42421292 -0.42421292 -0.42421292
-0.42421292 -0.42421292 -0.42421292 -0.42421292 -0.42421292 -0.42421292 -0.42421292 -0.42421292 0.45403517 2.82148653 -0.42421292 -0.42421292 -0.42421292 -0.42421292 -0.42421292 0.04673171 0.23765520 0.23765520 0.31402460 0.37766577 0.50494810 0.74678453 0.84861040 -0.42421292 -0.42421292 -0.42421292 -0.42421292 -0.42421292
-0.42421292 -0.42421292 -0.42421292 -0.42421292 -0.42421292 -0.42421292 -0.42421292 -0.42421292 -0.42421292 -0.42421292 -0.42421292 -0.42421292 -0.42421292 -0.42421292 -0.42421292 0.02127524 0.08491641 0.08491641 0.37766577 0.39039400 0.55586103 0.65768690 0.84861040 -0.42421292 -0.42421292 -0.42421292 -0.42421292 -0.42421292
-0.42421292 -0.42421292 -0.42421292 -0.42421292 -0.42421292 -0.42421292 -0.42421292 -0.42421292 -0.42421292 -0.42421292 -0.42421292 -0.42421292 -0.42421292 -0.42421292 -0.42421292 -0.42421292 -0.42421292 -0.42421292 -0.42421292 -0.42421292 -0.42421292 -0.42421292 -0.42421292 -0.42421292 -0.42421292 -0.42421292 -0.42421292 -0.42421292
-0.42421292 -0.42421292 -0.42421292 -0.42421292 -0.42421292 -0.42421292 -0.42421292 -0.42421292 -0.42421292 -0.42421292 -0.42421292 -0.42421292 -0.42421292 -0.42421292 -0.42421292 -0.42421292 -0.42421292 -0.42421292 -0.42421292 -0.42421292 -0.42421292 -0.42421292 -0.42421292 -0.42421292 -0.42421292 -0.42421292 -0.42421292 -0.42421292
-0.42421292 -0.42421292 -0.42421292 -0.42421292 -0.42421292 -0.42421292 -0.42421292 -0.42421292 -0.42421292 -0.42421292 -0.42421292 -0.42421292 -0.42421292 -0.42421292 -0.42421292 -0.42421292 -0.42421292 -0.42421292 -0.42421292 -0.42421292 -0.42421292 -0.42421292 -0.42421292 -0.42421292 -0.42421292 -0.42421292 -0.42421292 -0.42421292
