-0.42421292 -0.42421292 -0.42421292 -0.42421292 -0.42421292 -0.42421292 -0.42421292 -0.42421292 -0.42421292 -0.42421292 -0.42421292 -0.42421292 -0.42421292 -0.42421292 -0.42421292 -0.42421292 -0.42421292 -0.42421292 -0.42421292 -0.42421292 -0.42421292 -0.42421292 -0.42421292 -0.42421292 -0.42421292 -0.42421292 -0.42421292 -0.42421292
-0.42421292 -0.42421292 -0.42421292 -0.42421292 -0.42421292 -0.42421292 -0.42421292 -0.42421292 -0.42421292 -0.42421292 -0.42421292 -0.42421292 -0.42421292 -0.42421292 -0.42421292 -0.42421292 -0.42421292 -0.42421292 -0.42421292 -0.42421292 -0.42421292 -0.42421292 -0.42421292 -0.42421292 -0.42421292 -0.42421292 -0.42421292 -0.42421292
-0.42421292 -0.42421292 -0.42421292 -0.42421292 -0.42421292 -0.42421292 -0.42421292 -0.42421292 -0.42421292 -0.42421292 -0.42421292 -0.42421292 -0.42421292 -0.42421292 -0.42421292 -0.42421292 -0.42421292 -0.42421292 -0.42421292 -0.42421292 -0.42421292 -0.42421292 -0.42421292 -0.42421292 -0.42421292 -0.42421292 -0.42421292 -0.42421292
-0.42421292 -0.42421292 -0.42421292 -0.42421292 -0.42421292 -0.42421292 -0.42421292 -0.42421292 -0.42421292 -0.42421292 -0.42421292 -0.42421292 -0.42421292 -0.42421292 -0.42421292 -0.42421292 -0.42421292 -0.42421292 -0.42421292 -0.42421292 -0.42421292 -0.42421292 -0.42421292 -0.42421292 -0.42421292 -0.42421292 -0.42421292 -0.42421292
-0.42421292 -0.42421292 -0.42421292 -0.42421292 -0.42421292 -0.42421292 -0.42421292 -0.42421292 -0.42421292 -0.42421292 -0.42421292 -0.42421292 -0.42421292 1.66321732 2.82148653 2.82148653 2.82148653 0.37766577 -0.42421292 -0.42421292 -0.42421292 -0.42421292 -0.42421292 -0.42421292 -0.42421292 -0.42421292 -0.42421292 -0.42421292
-0.42421292 -0.42421292 -0.42421292 -0.42421292 -0.42421292 -0.42421292 -0.42421292 -0.42421292 -0.42421292 -0.42421292 -0.42421292 -0.42421292 2.82148653 2.82148653 1.93051021 0.91225156 2.82148653 2.82148653 0.41585047 -0.42421292 -0.42421292 -0.42421292 -0.42421292 -0.42421292 -0.42421292 -0.42421292 -0.42421292 -0.42421292
-0.42421292 -0.42421292 -0.42421292 -0.42421292 -0.42421292 -0.42421292 -0.42421292 -0.42421292 -0.42421292 -0.42421292 0.50494810 2.82148653 2.82148653 -0.42421292 -0.42421292 -0.42421292 -0.42421292 2.82148653 2.55419363 -0.42421292 -0.42421292 -0.42421292 -0.42421292 -0.42421292 -0.42421292 -0.42421292 -0.42421292 -0.42421292
-0.42421292 -0.42421292 -0.42421292 -0.42421292 -0.42421292 -0.42421292 -0.42421292 -0.42421292 -0.42421292 0.95043626 2.82148653 1.95596668 -0.42421292 -0.42421292 -0.42421292 -0.42421292 -0.42421292 2.82148653 1.96869491 -0.42421292 -0.42421292 -0.42421292 -0.42421292 -0.42421292 -0.42421292 -0.42421292 -0.42421292 -0.42421292
-0.42421292 -0.42421292 -0.42421292 -0.42421292 -0.42421292 -0.42421292 -0.42421292 -0.42421292 0.39039400 2.82148653 1.49775028 -0.42421292 -0.42421292 -0.42421292 -0.42421292 -0.42421292 0.28856814 2.82148653 -0.42421292 -0.42421292 -0.42421292 -0.42421292 -0.42421292 -0.42421292 -0.42421292 -0.42421292 -0.42421292 -0.42421292
-0.42421292 -0.42421292 -0.42421292 -0.42421292 -0.42421292 -0.42421292 -0.42421292 -0.42421292 2.82148653 2.82148653 -0.42421292 -0.42421292 -0.42421292 -0.42421292 -0.42421292 -0.42421292 2.82148653 2.82148653 -0.42421292 -0.42421292 -0.42421292 -0.42421292 -0.42421292 -0.42421292 -0.42421292 -0.42421292 -0.42421292 -0.42421292
-0.42421292 -0.42421292 -0.42421292 -0.42421292 -0.42421292 -0.42421292 -0.42421292 1.82868435 2.82148653 -0.42421292 -0.42421292 -0.42421292 -0.42421292 -0.42421292 -0.42421292 2.82148653 2.82148653 -0.42421292 -0.42421292 -0.42421292 -0.42421292 -0.42421292 -0.42421292 -0.42421292 -0.42421292 -0.42421292 -0.42421292 -0.42421292
-0.42421292 -0.42421292 -0.42421292 -0.42421292 -0.42421292 -0.42421292 -0.42421292 2.82148653 2.82148653 0.89952333 1.16681622 -0.42421292 -0.42421292 -0.42421292 1.16681622 2.82148653 -0.05509416 -0.42421292 -0.42421292 -0.42421292 -0.42421292 -0.42421292 -0.42421292 -0.42421292 -0.42421292 -0.42421292 -0.42421292 -0.42421292
-0.42421292 -0.42421292 -0.42421292 -0.42421292 -0.42421292 -0.42421292 -0.42421292 0.51767633 2.82148653 2.82148653 2.82148653 2.22325957 -0.42421292 0.23765520 2.82148653 1.26864209 -0.42421292 -0.42421292 -0.42421292 -0.42421292 -0.42421292 -0.42421292 -0.42421292 -0.42421292 -0.42421292 -0.42421292 -0.42421292 -0.42421292
-0.42421292 -0.42421292 -0.42421292 -0.42421292 -0.42421292 -0.42421292 -0.42421292 -0.42421292 -0.42421292 -0.42421292 -0.42421292 -0.42421292 -0.42421292 2.82148653 2.28690074 -0.42421292 -0.42421292 -0.42421292 -0.42421292 -0.42421292 -0.42421292 -0.42421292 -0.42421292 -0.42421292 -0.42421292 -0.42421292 -0.42421292 -0.42421292
-0.42421292 -0.42421292 -0.42421292 -0.42421292 -0.42421292 -0.42421292 -0.42421292 -0.42421292 -0.42421292 -0.42421292 -0.42421292 -0.42421292 2.82148653 2.82148653 -0.42421292 -0.42421292 -0.42421292 -0.42421292 -0.42421292 -0.42421292 -0.42421292 -0.42421292 -0.42421292 -0.42421292 -0.42421292 -0.42421292 -0.42421292 -0.42421292
-0.42421292 -0.42421292 -0.42421292 -0.42421292 -0.42421292 -0.42421292 -0.42421292 -0.42421292 -0.42421292 -0.42421292 -0.42421292 2.82148653 2.82148653 -0.42421292 -0.42421292 -0.42421292 -0.42421292 -0.42421292 -0.42421292 -0.42421292 -0.42421292 -0.42421292 -0.42421292 -0.42421292 -0.42421292 -0.42421292 -0.42421292 -0.42421292
-0.42421292 -0.42421292 -0.42421292 -0.42421292 -0.42421292 -0.42421292 -0.42421292 -0.42421292 -0.42421292 -0.42421292 2.82148653 2.82148653 -0.42421292 -0.42421292 -0.42421292 -0.42421292 -0.42421292 -0.42421292 -0.42421292 -0.42421292 -0.42421292 -0.42421292 -0.42421292 -0.42421292 -0.42421292 -0.42421292 -0.42421292 -0.42421292
-0.42421292 -0.42421292 -0.42421292 -0.42421292 -0.42421292 -0.42421292 -0.42421292 -0.42421292 -0.42421292 2.82148653 2.82148653 -0.42421292 -0.42421292 -0.42421292 -0.42421292 -0.42421292 -0.42421292 -0.42421292 -0.42421292 -0.42421292 -0.42421292 -0.42421292 -0.42421292 -0.42421292 -0.42421292 -0.42421292 -0.42421292 -0.42421292
-0.42421292 -0.42421292 -0.42421292 -0.42421292 -0.42421292 -0.42421292 -0.42421292 -0.42421292 2.61783480 2.82148653 -0.42421292 -0.42421292 -0.42421292 -0.42421292 -0.42421292 -0.42421292 -0.42421292 -0.42421292 -0.42421292 -0.42421292 -0.42421292 -0.42421292 -0.42421292 -0.42421292 -0.42421292 -0.42421292 -0.42421292 -0.42421292
-0.42421292 -0.42421292 -0.42421292 -0.42421292 -0.42421292 -0.42421292 -0.42421292 2.22325957 2.82148653 2.82148653 -0.42421292 -0.42421292 -0.42421292 -0.42421292 -0.42421292 -0.42421292 -0.42421292 -0.42421292 -0.42421292 -0.42421292 -0.42421292 -0.42421292 -0.42421292 -0.42421292 -0.42421292 -0.42421292 -0.42421292 -0.42421292
-0.42421292 -0.42421292 -0.42421292 -0.42421292 -0.42421292 -0.42421292 2.61783480 2.82148653 1.44683735 2.82148653 2.82148653 0.68314336 -0.42421292 -0.42421292 -0.42421292 -0.42421292 -0.42421292 -0.42421292 -0.42421292 -0.42421292 -0.42421292 -0.42421292 -0.42421292 -0.42421292 -0.42421292 -0.42421292 -0.42421292 -0.42421292
-0.42421292 -0.42421292 -0.42421292 -0.42421292 -0.42421292 1.84141258 2.82148653 0.04673171 -0.42421292 -0.42421292 1.93051021 2.82148653 2.82148653 0.58131750 -0.42421292 0.23765520 0.55586103 -0.42421292 -0.42421292 -0.42421292 -0.42421292 -0.42421292 -0.42421292 -0.42421292 -0.42421292 -0.42421292 -0.42421292 -0.42421292
-0.42421292 -0.42421292 -0.42421292 -0.42421292 2.13416194 2.82148653 0.23765520 -0.42421292 -0.42421292 -0.42421292 -0.42421292 0.11037287 2.82148653 2.82148653 2.82148653 2.82148653 2.82148653 2.82148653 0.28856814 -0.42421292 -0.42421292 -0.42421292 -0.42421292 -0.42421292 -0.42421292 -0.42421292 -0.42421292 -0.42421292
-0.42421292 -0.42421292 -0.42421292 -0.42421292 2.82148653 1.68867378 -0.42421292 -0.42421292 -0.42421292 -0.42421292 -0.42421292 -0.42421292 -0.42421292 -0.42421292 0.58131750 -0.08055062 0.50494810 2.82148653 0.68314336 -0.42421292 -0.42421292 -0.42421292 -0.42421292 -0.42421292 -0.42421292 -0.42421292 -0.42421292 -0.42421292
-0.42421292 -0.42421292 -0.42421292 -0.42421292 -0.42421292 -0.42421292 -0.42421292 -0.42421292 -0.42421292 -0.42421292 -0.42421292 -0.42421292 -0.42421292 -0.42421292 -0.42421292 -0.42421292 -0.42421292 -0.42421292 -0.42421292 -0.42421292 -0.42421292 -0.42421292 -0.42421292 -0.42421292 -0.42421292 -0.42421292 -0.42421292 -0.42421292
-0.42421292 -0.42421292 -0.42421292 -0.42421292 -0.42421292 -0.42421292 -0.42421292 -0.42421292 -0.42421292 -0.42421292 -0.42421292 -0.42421292 -0.42421292 -0.42421292 -0.42421292 -0.42421292 -0.42421292 -0.42421292 -0.42421292 -0.42421292 -0.42421292 -0.42421292 -0.42421292 -0.42421292 -0.42421292 -0.42421292 -0.42421292 -0.42421292
-0.42421292 -0.42421292 -0.42421292 -0.42421292 -0.42421292 -0.42421292 -0.42421292 -0.42421292 -0.42421292 -0.42421292 -0.42421292 -0.42421292 -0.42421292 -0.42421292 -0.42421292 -0.42421292 -0.42421292 -0.42421292 -0.42421292 -0.42421292 -0.42421292 -0.42421292 -0.42421292 -0.42421292 -0.42421292 -0.42421292 -0.42421292 -0.42421292
-0.42421292 -0.42421292 -0.42421292 -0.42421292 -0.42421292 -0.42421292 -0.42421292 -0.42421292 -0.42421292 -0.42421292 -0.42421292 -0.42421292 -0.42421292 -0.42421292 -0.42421292 -0.42421292 -0.42421292 -0.42421292 -0.42421292 -0.42421292 -0.42421292 -0.42421292 -0.42421292 -0.42421292 -0.42421292 -0.42421292 -0.42421292 -0.42421292
